,start_freq,end_freq,probability,index
0,1080.0202958529485,1080.0319100749505,0.646,150.0
1,1072.9240062097374,1072.9356204317394,0.629,3816.0
2,1072.1806960016106,1072.1923102236126,0.507,4200.0
3,1069.0564702830773,1069.0680845050792,0.555,5814.0
4,1068.7196578450198,1068.7312720670218,0.556,5988.0
5,1067.8137485288653,1067.8253627508673,0.671,6456.0
6,1065.1540916904114,1065.1657059124134,0.73,7830.0
7,1064.9914925823834,1065.0031068043854,0.757,7914.0
8,1057.6164616111248,1057.6280758331268,0.508,11724.0
9,1057.2448065070614,1057.2564207290634,0.515,11916.0
10,1054.1438092325322,1054.1554234545342,0.757,13518.0
11,1054.1089665665263,1054.1205807885283,0.539,13536.0
12,1053.9928243465065,1054.0044385685085,0.85,13596.0
13,1053.3191994703914,1053.3308136923933,0.547,13944.0
14,1053.0753008083498,1053.0869150303517,0.521,14070.0
15,1053.0056154763379,1053.0172296983399,0.599,14106.0
16,1045.6538129490832,1045.6654271710852,0.537,17904.0
17,1042.8431712246036,1042.8547854466055,0.501,19356.0
18,1042.8083285585976,1042.8199427805996,0.868,19374.0
19,1042.6573436725719,1042.6689578945739,0.634,19452.0
20,1039.4982752880328,1039.5098895100348,0.61,21084.0
21,1029.9978416904114,1030.0094559124134,0.549,25992.0
22,1025.9793208777255,1025.9909350997275,0.65,28068.0
23,1025.723807993682,1025.735422215684,0.561,28200.0
24,1134.9882309217046,1134.9998451437066,0.635,888.0
25,1134.8837029236868,1134.8953171456888,0.586,942.0
26,1134.8256318136769,1134.8372460356788,0.584,972.0
27,1128.217139494549,1128.228753716551,0.524,4386.0
28,1128.0313119425173,1128.0429261645193,0.502,4482.0
29,1127.009260406343,1127.020874628345,0.581,5010.0
30,1125.0,1125.011614222002,0.578,6048.0
31,1123.7688924677898,1123.7805066897918,0.509,6684.0
32,1121.9803022794847,1121.9919165014867,0.726,7608.0
33,1118.3682792368681,1118.3798934588701,0.572,9474.0
34,1096.4638565411299,1096.4754707631319,0.646,20790.0
35,1095.3024343409315,1095.3140485629335,0.73,21390.0
36,1093.8854992566899,1093.8971134786918,0.587,22122.0
37,1093.76935703667,1093.780971258672,0.614,22182.0
38,1092.0156095143707,1092.0272237363727,0.806,23088.0
39,1091.4000557482657,1091.4116699702677,0.555,23406.0
40,1091.3187561942518,1091.3303704162538,0.578,23448.0
41,1090.3199331020812,1090.3315473240832,0.775,23964.0
42,1090.3083188800792,1090.3199331020812,0.739,23970.0
43,1090.0992628840436,1090.1108771060456,0.752,24078.0
44,1090.0876486620416,1090.0992628840436,0.675,24084.0
45,1090.0528059960357,1090.0644202180376,0.826,24102.0
46,1090.0179633300297,1090.0295775520317,0.663,24120.0
47,1089.9598922200198,1089.9715064420218,0.55,24150.0
48,1089.6695366699703,1089.6811508919723,0.642,24300.0
49,1089.5650086719525,1089.5766228939544,0.789,24354.0
50,1089.3791811199208,1089.3907953419227,0.508,24450.0
51,1089.3675668979188,1089.3791811199208,0.679,24456.0
52,1088.461657581764,1088.473271803766,0.724,24924.0
53,1088.450043359762,1088.461657581764,0.596,24930.0
54,1088.43842913776,1088.450043359762,0.669,24936.0
55,1087.0447224975223,1087.0563367195243,0.907,25656.0
56,1082.2828914767097,1082.2945056987116,0.61,28116.0
57,1080.668514618434,1080.680128840436,0.734,28950.0
58,1192.8481072689544,1192.8597214909564,0.519,132.0
59,1189.5845108863973,1189.5961251083993,0.592,1818.0
60,1187.993362472126,1188.004976694128,0.556,2640.0
61,1186.1350869518087,1186.1467011738107,0.517,3600.0
62,1183.8935421054261,1183.9051563274281,0.51,4758.0
63,1183.6380292213826,1183.6496434433845,0.819,4890.0
64,1183.4754301133548,1183.4870443353568,0.749,4974.0
65,1182.9876327892716,1182.9992470112736,0.75,5226.0
66,1182.766962571234,1182.778576793236,0.577,5340.0
67,1182.4649927991823,1182.4766070211842,0.66,5496.0
68,1182.0817234731169,1182.0933376951189,0.714,5694.0
69,1181.988809697101,1182.000423919103,0.718,5742.0
70,1181.977195475099,1181.988809697101,0.711,5748.0
71,1181.9307385870911,1181.942352809093,0.835,5772.0
72,1181.8958959210852,1181.9075101430872,0.57,5790.0
73,1181.8262105890733,1181.8378248110753,0.544,5826.0
74,1181.8145963670713,1181.8262105890733,0.758,5832.0
75,1181.7797537010654,1181.7913679230674,0.826,5850.0
76,1181.6287688150396,1181.6403830370416,0.824,5928.0
77,1181.5010123730178,1181.5126265950198,0.506,5994.0
78,1181.4661697070119,1181.4777839290139,0.685,6012.0
79,1181.2454994889742,1181.2571137109762,0.599,6126.0
80,1181.1758141569624,1181.1874283789643,0.722,6162.0
81,1181.0945146029485,1181.1061288249505,0.557,6204.0
82,1180.9667581609267,1180.9783723829287,0.646,6270.0
83,1180.3976612828296,1180.4092755048316,0.807,6564.0
84,1180.2118337307977,1180.2234479527997,0.559,6660.0
85,1180.1769910647918,1180.1886052867937,0.667,6678.0
86,1180.1421483987858,1180.1537626207878,0.596,6696.0
87,1180.060848844772,1180.072463066774,0.662,6738.0
88,1180.026006178766,1180.037620400768,0.73,6756.0
89,1180.014391956764,1180.026006178766,0.503,6762.0
90,1179.8169501827304,1179.8285644047323,0.621,6864.0
91,1179.7821075167244,1179.7937217387264,0.543,6882.0
92,1179.7240364067145,1179.7356506287165,0.743,6912.0
93,1179.6311226306987,1179.6427368527006,0.547,6960.0
94,1179.6078941866947,1179.6195084086967,0.539,6972.0
95,1179.5730515206888,1179.5846657426907,0.539,6990.0
96,1179.5033661886769,1179.5149804106788,0.535,7026.0
97,1179.480137744673,1179.4917519666749,0.918,7038.0
98,1179.445295078667,1179.456909300669,0.835,7056.0
99,1179.363995524653,1179.375609746655,0.522,7098.0
100,1179.352381302651,1179.363995524653,0.537,7104.0
101,1179.3407670806491,1179.352381302651,0.509,7110.0
102,1179.3059244146432,1179.3175386366452,0.739,7128.0
103,1179.2826959706392,1179.2943101926412,0.591,7140.0
104,1179.2478533046333,1179.2594675266353,0.705,7158.0
105,1179.2362390826313,1179.2478533046333,0.653,7164.0
106,1179.1317110846135,1179.1433253066155,0.613,7218.0
107,1179.0271830865956,1179.0387973085976,0.529,7272.0
108,1178.9691119765857,1178.9807261985877,0.852,7302.0
109,1178.76005598055,1178.771670202552,0.667,7410.0
110,1178.6671422045342,1178.6787564265362,0.584,7458.0
111,1178.3651724324827,1178.3767866544847,0.544,7614.0
112,1178.144502214445,1178.156116436447,0.786,7728.0
113,1178.132887992443,1178.144502214445,0.873,7734.0
114,1178.0748168824332,1178.0864311044352,0.596,7764.0
115,1178.0167457724233,1178.0283599944253,0.604,7794.0
116,1177.9586746624134,1177.9702888844154,0.894,7824.0
117,1177.9238319964074,1177.9354462184094,0.505,7842.0
118,1177.8076897763874,1177.8193039983894,0.532,7902.0
119,1177.5173342263379,1177.5289484483399,0.506,8052.0
120,1177.389577784316,1177.401192006318,0.514,8118.0
121,1177.3082782303022,1177.3198924523042,0.612,8160.0
122,1177.2502071202923,1177.2618213422943,0.723,8190.0
123,1177.1108364562685,1177.1224506782705,0.524,8262.0
124,1176.9598515702428,1176.9714657922448,0.563,8340.0
125,1176.855323572225,1176.866937794227,0.549,8394.0
126,1176.832095128221,1176.843709350223,0.519,8406.0
127,1176.820480906219,1176.832095128221,0.591,8412.0
128,1176.785638240213,1176.797252462215,0.528,8430.0
129,1176.7159529082012,1176.7275671302032,0.642,8466.0
130,1176.6811102421952,1176.6927244641972,0.582,8484.0
131,1176.6230391321853,1176.6346533541873,0.858,8514.0
132,1176.5881964661794,1176.5998106881814,0.885,8532.0
133,1176.5301253561695,1176.5417395781715,0.618,8562.0
134,1176.5185111341675,1176.5301253561695,0.544,8568.0
135,1176.3791404701437,1176.3907546921457,0.539,8640.0
136,1176.274612472126,1176.286226694128,0.59,8694.0
137,1176.1236275861002,1176.1352418081021,0.526,8772.0
138,1176.0423280320863,1176.0539422540883,0.535,8814.0
139,1176.0074853660803,1176.0190995880823,0.599,8832.0
140,1175.9261858120665,1175.9378000340685,0.687,8874.0
141,1175.8797289240586,1175.8913431460605,0.796,8898.0
142,1175.8100435920467,1175.8216578140486,0.563,8934.0
143,1175.7752009260407,1175.7868151480427,0.696,8952.0
144,1175.659058706021,1175.670672928023,0.61,9012.0
145,1175.589373374009,1175.600987596011,0.567,9048.0
146,1175.542916486001,1175.5545307080029,0.867,9072.0
147,1175.3919315999751,1175.403545821977,0.729,9150.0
148,1175.3338604899652,1175.3454747119672,0.781,9180.0
149,1175.3106320459613,1175.3222462679632,0.773,9192.0
150,1175.2525609359514,1175.2641751579533,0.58,9222.0
151,1175.1712613819375,1175.1828756039395,0.508,9264.0
152,1175.1596471599355,1175.1712613819375,0.613,9270.0
153,1175.1131902719276,1175.1248044939296,0.55,9294.0
154,1175.0551191619177,1175.0667333839197,0.546,9324.0
155,1174.9738196079038,1174.9854338299058,0.516,9366.0
156,1174.869291609886,1174.880905831888,0.666,9420.0
157,1174.5208649498265,1174.5324791718285,0.802,9600.0
158,1174.311808953791,1174.3234231757929,0.562,9708.0
159,1174.230509399777,1174.242123621779,0.662,9750.0
160,1174.184052511769,1174.195666733771,0.664,9774.0
161,1173.9866107377354,1173.9982249597374,0.59,9876.0
162,1173.8704685177156,1173.8820827397176,0.543,9936.0
163,1173.673026743682,1173.684640965684,0.553,10038.0
164,1173.66141252168,1173.673026743682,0.667,10044.0
165,1173.626569855674,1173.638184077676,0.724,10062.0
166,1173.5220418576562,1173.5336560796582,0.653,10116.0
167,1173.4407423036423,1173.4523565256443,0.895,10158.0
168,1173.2897574176166,1173.3013716396185,0.621,10236.0
169,1173.1852294195985,1173.1968436416005,0.505,10290.0
170,1173.1039298655846,1173.1155440875866,0.928,10332.0
171,1173.0923156435827,1173.1039298655846,0.513,10338.0
172,1172.894873869549,1172.906488091551,0.554,10440.0
173,1172.3722338794598,1172.3838481014618,0.515,10710.0
174,1172.3373912134539,1172.3490054354559,0.815,10728.0
175,1172.1747921054261,1172.1864063274281,0.632,10812.0
176,1172.1515636614222,1172.1631778834242,0.514,10824.0
177,1172.1051067734143,1172.1167209954162,0.529,10848.0
178,1172.0934925514123,1172.1051067734143,0.595,10854.0
179,1172.0354214414024,1172.0470356634044,0.661,10884.0
180,1171.9889645533945,1172.0005787753964,0.619,10908.0
181,1171.9773503313925,1171.9889645533945,0.542,10914.0
182,1171.9192792213826,1171.9308934433845,0.508,10944.0
183,1171.8960507773786,1171.9076649993806,0.779,10956.0
184,1171.8031370013628,1171.8147512233647,0.537,11004.0
185,1171.663766337339,1171.675380559341,0.713,11076.0
186,1171.628923671333,1171.640537893335,0.714,11094.0
187,1171.5127814513132,1171.5243956733152,0.664,11154.0
188,1171.4895530073093,1171.5011672293112,0.659,11166.0
189,1171.4082534532954,1171.4198676752974,0.769,11208.0
190,1171.3966392312934,1171.4082534532954,0.509,11214.0
191,1171.3734107872895,1171.3850250092914,0.746,11226.0
192,1171.2340401232657,1171.2456543452677,0.521,11298.0
193,1171.1991974572597,1171.2108116792617,0.598,11316.0
194,1171.1178979032459,1171.1295121252479,0.788,11358.0
195,1171.02498412723,1171.036598349232,0.543,11406.0
196,1170.8739992412043,1170.8856134632063,0.735,11484.0
197,1170.839156575198,1170.8507707972003,0.947,11502.0
198,1170.7694712431862,1170.7810854651882,0.574,11538.0
199,1170.7114001331763,1170.7230143551783,0.54,11568.0
200,1170.6765574671704,1170.6881716891723,0.537,11586.0
201,1170.0726179230674,1170.0842321450693,0.575,11898.0
202,1170.0610037010654,1170.0726179230674,0.528,11904.0
203,1169.5151352669723,1169.5267494889742,0.585,12186.0
204,1169.073794830897,1169.085409052899,0.59,12414.0
205,1166.1237824423933,1166.1353966643953,0.53,13938.0
206,1157.0995319468534,1157.1111461688554,0.539,18600.0
207,1154.9857435424926,1154.9973577644946,0.881,19692.0
208,1154.9160582104807,1154.9276724324827,0.75,19728.0
209,1154.021763116328,1154.03337733833,0.531,20190.0
210,1151.966045821977,1151.977660043979,0.631,21252.0
211,1149.8174147516106,1149.8290289736126,0.7,22362.0
212,1142.3610842263379,1142.3726984483399,0.663,26214.0
213,1246.8404476895441,1246.8520619115461,0.6,1374.0
214,1246.8172192455402,1246.8288334675422,0.508,1386.0
215,1246.5384779174926,1246.5500921394946,0.686,1530.0
216,1246.5268636954906,1246.5384779174926,0.615,1536.0
217,1246.5036352514867,1246.5152494734887,0.558,1548.0
218,1246.4920210294847,1246.5036352514867,0.646,1554.0
219,1246.4687925854807,1246.4804068074827,0.514,1566.0
220,1246.4223356974728,1246.4339499194748,0.555,1590.0
221,1246.4107214754708,1246.4223356974728,0.791,1596.0
222,1246.3991072534689,1246.4107214754708,0.767,1602.0
223,1246.3874930314669,1246.3991072534689,0.596,1608.0
224,1246.375878809465,1246.3874930314669,0.688,1614.0
225,1246.364264587463,1246.375878809465,0.81,1620.0
226,1246.352650365461,1246.364264587463,0.621,1626.0
227,1246.341036143459,1246.352650365461,0.578,1632.0
228,1246.329421921457,1246.341036143459,0.659,1638.0
229,1246.306193477453,1246.317807699455,0.565,1650.0
230,1246.282965033449,1246.294579255451,0.6,1662.0
231,1246.259736589445,1246.271350811447,0.518,1674.0
232,1246.2248939234391,1246.2365081454411,0.503,1692.0
233,1246.1900512574332,1246.2016654794352,0.517,1710.0
234,1244.285318849108,1244.29693307111,0.548,2694.0
235,1244.2272477390982,1244.2388619611002,0.71,2724.0
236,1242.903226430872,1242.914840652874,0.564,3408.0
237,1234.4713012574332,1234.4829154794352,0.53,7764.0
238,1233.9951181553517,1234.0067323773537,0.58,8010.0
239,1233.0892088391972,1233.1008230611992,0.564,8478.0
240,1228.3273778183845,1228.3389920403865,0.709,10938.0
241,1228.2344640423687,1228.2460782643707,0.697,10986.0
242,1228.1996213763628,1228.2112355983647,0.608,11004.0
243,1228.1880071543608,1228.1996213763628,0.725,11010.0
244,1228.1647787103568,1228.1763929323588,0.536,11022.0
245,1228.048636490337,1228.060250712339,0.592,11082.0
246,1228.037022268335,1228.048636490337,0.562,11088.0
247,1228.002179602329,1228.013793824331,0.702,11106.0
248,1227.9208800483152,1227.9324942703172,0.53,11148.0
249,1227.6421387202677,1227.6537529422696,0.613,11292.0
250,1227.5492249442518,1227.5608391662538,0.847,11340.0
251,1227.5259965002479,1227.5376107222498,0.734,11352.0
252,1227.3285547262142,1227.3401689482162,0.561,11454.0
253,1227.3169405042122,1227.3285547262142,0.571,11460.0
254,1227.2007982841922,1227.2124125061941,0.562,11520.0
255,1226.9104427341426,1226.9220569561446,0.687,11670.0
256,1226.8523716241327,1226.8639858461347,0.709,11700.0
257,1225.0057103258177,1225.0173245478197,0.65,12654.0
258,1222.3692819313676,1222.3808961533696,0.615,14016.0
259,1219.9883664209613,1219.9999806429632,0.73,15246.0
260,1215.1336216241327,1215.1452358461347,0.524,17754.0
261,1214.7619665200693,1214.7735807420713,0.532,17946.0
262,1214.7387380760654,1214.7503522980674,0.527,17958.0
263,1214.5412963020317,1214.5529105240337,0.53,18060.0
264,1214.2277123079782,1214.2393265299802,0.557,18222.0
265,1214.1928696419723,1214.2044838639742,0.722,18240.0
266,1214.0767274219525,1214.0883416439544,0.675,18300.0
267,1214.0070420899406,1214.0186563119426,0.511,18336.0
268,1213.9373567579287,1213.9489709799307,0.908,18372.0
269,1213.8560572039148,1213.8676714259168,0.515,18414.0
270,1213.716686539891,1213.728300761893,0.504,18486.0
271,1213.681843873885,1213.693458095887,0.521,18504.0
272,1213.6702296518831,1213.681843873885,0.517,18510.0
273,1213.6237727638752,1213.6353869858772,0.531,18534.0
274,1213.5192447658574,1213.5308589878593,0.62,18588.0
275,1213.5076305438554,1213.5192447658574,0.663,18594.0
276,1213.4611736558475,1213.4727878778494,0.579,18618.0
277,1213.2869603258177,1213.2985745478197,0.606,18708.0
278,1213.194046549802,1213.2056607718037,0.536,18756.0
279,1213.1243612177898,1213.1359754397918,0.545,18792.0
280,1212.984990553766,1212.996604775768,0.726,18864.0
281,1212.9153052217541,1212.926919443756,0.583,18900.0
282,1212.7991630017343,1212.8107772237363,0.595,18960.0
283,1212.7410918917244,1212.7527061137264,0.552,18990.0
284,1212.439122119673,1212.4507363416749,0.504,19146.0
285,1212.427507897671,1212.439122119673,0.508,19152.0
286,1212.404279453667,1212.415893675669,0.78,19164.0
287,1212.1836092356293,1212.1952234576313,0.507,19278.0
288,1212.0790812376115,1212.0906954596135,0.57,19332.0
289,1211.9629390175917,1211.9745532395937,0.646,19392.0
290,1211.8700252415758,1211.8816394635778,0.551,19440.0
291,1211.800339909564,1211.811954131566,0.675,19476.0
292,1211.6609692455402,1211.6725834675422,0.618,19548.0
293,1211.6493550235382,1211.6609692455402,0.56,19554.0
294,1211.4402990275025,1211.4519132495045,0.533,19662.0
295,1211.0570297014372,1211.0686439234391,0.517,19860.0
296,1210.9757301474233,1210.9873443694253,0.502,19902.0
297,1210.8015168173933,1210.8131310393953,0.504,19992.0
298,1210.7782883733894,1210.7899025953914,0.626,20004.0
299,1210.7666741513874,1210.7782883733894,0.575,20010.0
300,1210.7318314853815,1210.7434457073834,0.548,20028.0
301,1210.6853745973735,1210.6969888193755,0.602,20052.0
302,1209.9652928332507,1209.9769070552527,0.57,20424.0
303,1209.8839932792368,1209.8956075012388,0.509,20466.0
304,1209.8607648352329,1209.8723790572349,0.505,20478.0
305,1209.733008393211,1209.744622615213,0.604,20544.0
306,1209.7097799492071,1209.721394171209,0.622,20556.0
307,1209.3497390671457,1209.3613532891477,0.592,20742.0
308,1209.2800537351338,1209.2916679571358,0.577,20778.0
309,1208.9548555190784,1208.9664697410803,0.57,20946.0
310,1208.7690279670467,1208.7806421890486,0.591,21042.0
311,1208.6993426350348,1208.7109568570368,0.62,21078.0
312,1208.1999310889494,1208.2115453109514,0.517,21336.0
313,1207.8979613168979,1207.9095755388998,0.611,21492.0
314,1207.8863470948959,1207.8979613168979,0.581,21498.0
315,1207.805047540882,1207.816661762884,0.511,21540.0
316,1207.6076057668483,1207.6192199888503,0.552,21642.0
317,1207.5843773228444,1207.5959915448464,0.522,21654.0
318,1207.5727631008424,1207.5843773228444,0.568,21660.0
319,1207.154651108771,1207.166265330773,0.566,21876.0
320,1207.143036886769,1207.154651108771,0.562,21882.0
321,1207.1314226647671,1207.143036886769,0.508,21888.0
322,1206.9920520007433,1207.0036662227453,0.583,21960.0
323,1206.8526813367196,1206.8642955587216,0.535,22032.0
324,1205.900315132557,1205.9119293545589,0.786,22524.0
325,1205.877086688553,1205.888700910555,0.558,22536.0
326,1205.6448022485133,1205.6564164705153,0.528,22656.0
327,1205.5983453605054,1205.6099595825074,0.566,22680.0
328,1205.5402742504955,1205.5518884724975,0.565,22710.0
329,1205.4705889184836,1205.4822031404856,0.6,22746.0
330,1205.4357462524777,1205.4473604744796,0.537,22764.0
331,1205.2963755884539,1205.3079898104559,0.526,22836.0
332,1205.27314714445,1205.284761366452,0.611,22848.0
333,1205.238304478444,1205.249918700446,0.501,22866.0
334,1205.226690256442,1205.238304478444,0.507,22872.0
335,1205.180233368434,1205.191847590436,0.512,22896.0
336,1205.0873195924182,1205.0989338144202,0.777,22944.0
337,1205.0524769264123,1205.0640911484143,0.528,22962.0
338,1204.634364934341,1204.645979156343,0.567,23178.0
339,1204.3556236062934,1204.3672378282954,0.502,23322.0
340,1203.7052271741823,1203.7168413961842,0.503,23658.0
341,1203.6703845081763,1203.6819987301783,0.623,23676.0
342,1203.4148716241327,1203.4264858461347,0.516,23808.0
343,1203.275500960109,1203.287115182111,0.537,23880.0
344,1203.0199880760654,1203.0316022980674,0.629,24012.0
345,1202.9619169660555,1202.9735311880574,0.58,24042.0
346,1202.8806174120416,1202.8922316340436,0.524,24084.0
347,1202.8225463020317,1202.8341605240337,0.565,24114.0
348,1202.7180183040139,1202.7296325260158,0.588,24168.0
349,1202.3115205339445,1202.3231347559465,0.767,24378.0
350,1202.2534494239346,1202.2650636459366,0.591,24408.0
351,1202.1837640919227,1202.1953783139247,0.745,24444.0
352,1202.1373072039148,1202.1489214259168,0.731,24468.0
353,1201.9166369858772,1201.9282512078792,0.517,24582.0
354,1201.8817943198712,1201.8934085418732,0.62,24600.0
355,1201.8237232098613,1201.8353374318633,0.538,24630.0
356,1201.7888805438554,1201.8004947658574,0.71,24648.0
357,1201.7540378778494,1201.7656520998514,0.56,24666.0
358,1201.6611241018336,1201.6727383238356,0.501,24714.0
359,1201.5682103258177,1201.5798245478197,0.681,24762.0
360,1201.5333676598116,1201.5449818818138,0.548,24780.0
361,1201.1384841117442,1201.1500983337462,0.516,24984.0
362,1201.1152556677403,1201.1268698897422,0.56,24996.0
363,1201.0339561137264,1201.0455703357284,0.518,25038.0
364,1200.8597427836967,1200.8713570056987,0.601,25128.0
365,1200.8365143396927,1200.8481285616947,0.761,25140.0
366,1200.697143675669,1200.708757897671,0.509,25212.0
367,1200.615844121655,1200.627458343657,0.558,25254.0
368,1200.2906459055996,1200.3022601276016,0.513,25422.0
369,1200.081589909564,1200.093204131566,0.507,25530.0
370,1200.00029035555,1200.011904577552,0.785,25572.0
371,1199.5821783634788,1199.5937925854807,0.621,25788.0
372,1199.5589499194748,1199.5705641414768,0.539,25800.0
373,1199.442807699455,1199.454421921457,0.636,25860.0
374,1199.3615081454411,1199.373122367443,0.575,25902.0
375,1199.3382797014372,1199.3498939234391,0.509,25914.0
376,1199.1059952613973,1199.1176094833993,0.601,26034.0
377,1194.3790069065906,1194.3906211285926,0.588,28476.0
378,1194.135108244549,1194.146722466551,0.524,28602.0
379,1193.5892398104559,1193.6008540324578,0.592,28884.0
380,1193.566011366452,1193.5776255884539,0.655,28896.0
381,1193.2408131503964,1193.2524273723984,0.534,29064.0
382,1305.5946191309465,1305.6062333529485,0.52,156.0
383,1303.6202013906095,1303.6318156126115,0.507,1176.0
384,1303.4692165045838,1303.4808307265857,0.543,1254.0
385,1303.0627187345144,1303.0743329565164,0.709,1464.0
386,1302.8420485164768,1302.8536627384788,0.599,1578.0
387,1302.667835186447,1302.679449408449,0.505,1668.0
388,1302.5981498544352,1302.6097640764372,0.506,1704.0
389,1302.5168503004213,1302.5284645224233,0.566,1746.0
390,1302.4239365244055,1302.4355507464074,0.572,1794.0
391,1302.4007080804015,1302.4123223024035,0.556,1806.0
392,1295.6412308752479,1295.6528450972498,0.557,5298.0
393,1294.189453125,1294.201067347002,0.604,6048.0
394,1293.2138584768336,1293.2254726988356,0.785,6552.0
395,1292.3660202706888,1292.3776344926907,0.663,6990.0
396,1288.1732861279731,1288.1849003499751,0.74,9156.0
397,1285.1768168514618,1285.1884310734638,0.507,10704.0
398,1283.039800003097,1283.051414225099,0.529,11808.0
399,1281.3673520348118,1281.3789662568138,0.534,12672.0
400,1265.2119692300546,1265.2235834520566,0.537,21018.0
401,1256.9310289426412,1256.9426431646432,0.504,25296.0
402,1250.0437952954658,1250.0554095174678,0.741,28854.0
403,1361.735590621903,1361.747204843905,0.53,288.0
404,1359.075933783449,1359.087548005451,0.537,1662.0
405,1357.5312422571853,1357.5428564791873,0.683,2460.0
406,1356.1143071729434,1356.1259213949454,0.616,3192.0
407,1351.247948154113,1351.259562376115,0.657,5706.0
408,1345.9286344772052,1345.9402486992071,0.614,8454.0
409,1343.7451607408325,1343.7567749628345,0.54,9582.0
410,1343.489647856789,1343.501262078791,0.584,9714.0
411,1340.4931785802776,1340.5047928022796,0.545,11262.0
412,1310.888526697225,1310.900140919227,0.504,26556.0
413,1307.8107578666998,1307.8223720887017,0.517,28146.0
414,1307.7875294226958,1307.7991436446978,0.596,28158.0
415,1307.7759152006938,1307.7875294226958,0.506,28164.0
416,1307.7643009786918,1307.7759152006938,0.501,28170.0
417,1307.4623312066403,1307.4739454286423,0.595,28326.0
418,1307.4507169846383,1307.4623312066403,0.554,28332.0
419,1307.4391027626364,1307.4507169846383,0.674,28338.0
420,1410.246018257557,1410.2576324795589,0.589,4362.0
421,1404.1833943725223,1404.1950085945243,0.619,7494.0
422,1400.1416451158325,1400.1532593378345,0.658,9582.0
423,1400.0255028958127,1400.0371171178147,0.7,9642.0
424,1397.0290336193013,1397.0406478413033,0.545,11190.0
425,1396.2624949671704,1396.2741091891723,0.657,11586.0
426,1395.7630834210852,1395.7746976430872,0.503,11844.0
427,1393.3705536886769,1393.3821679106788,0.674,13080.0
428,1392.731771478568,1392.74338570057,0.509,13410.0
429,1391.9652328264372,1391.9768470484391,0.574,13806.0
430,1382.7667690008673,1382.7783832228693,0.701,18558.0
431,1378.1675370880823,1378.1791513100843,0.552,20934.0
432,1376.2976473457632,1376.3092615677651,0.613,21900.0
433,1372.7669238571605,1372.7785380791624,0.711,23724.0
434,1368.0980066123636,1368.1096208343656,0.608,26136.0
435,1467.1070715126364,1467.1186857346383,0.521,4122.0
436,1458.6286894511893,1458.6403036731913,0.545,8502.0
437,1457.653094803023,1457.6647090250249,0.565,9006.0
438,1456.6775001548563,1456.6891143768582,0.631,9510.0
439,1454.6101686385034,1454.6217828605054,0.672,10578.0
440,1450.347749163776,1450.359363385778,0.587,12780.0
441,1439.987863138008,1439.99947736001,0.539,18132.0
442,1439.5929795899406,1439.6045938119426,0.51,18336.0
443,1434.4827219090685,1434.4943361310704,0.513,20976.0
444,1433.983310362983,1433.994924584985,0.6,21234.0
445,1433.7858685889494,1433.7974828109514,0.598,21336.0
446,1433.5535841489097,1433.5651983709117,0.544,21456.0
447,1428.257498916006,1428.269113138008,0.505,24192.0
448,1425.7836696295838,1425.7952838515857,0.537,25470.0
449,1423.1240127911299,1423.1356270131319,0.642,26844.0
450,1530.5069317548316,1530.5185459768336,0.583,504.0
451,1529.7636215467046,1529.7752357687066,0.673,888.0
452,1529.7403931027006,1529.7520073247026,0.596,900.0
453,1529.7171646586967,1529.7287788806987,0.636,912.0
454,1529.6823219926907,1529.6939362146927,0.665,930.0
455,1529.577793994673,1529.5894082166749,0.526,984.0
456,1529.3222811106293,1529.3338953326313,0.554,1116.0
457,1528.869326452552,1528.880940674554,0.523,1350.0
458,1528.0214882464074,1528.0331024684094,0.672,1788.0
459,1527.9053460263874,1527.9169602483894,0.525,1848.0
460,1527.7195184743557,1527.7311326963577,0.578,1944.0
461,1527.6498331423438,1527.6614473643458,0.546,1980.0
462,1527.3710918142963,1527.3827060362983,0.504,2124.0
463,1527.2317211502725,1527.2433353722745,0.556,2196.0
464,1526.7439238261893,1526.7555380481913,0.527,2448.0
465,1524.897262527874,1524.908876749876,0.514,3402.0
466,1520.0076750650396,1520.0192892870416,0.501,5928.0
467,1516.9647489005204,1516.9763631225223,0.614,7500.0
468,1513.7476094059712,1513.7592236279731,0.605,9162.0
469,1510.5536983554261,1510.5653125774281,0.567,10812.0
470,1506.5119490987363,1506.5235633207383,0.687,12900.0
471,1497.7780541532459,1497.7896683752479,0.585,17412.0
472,1492.0754711502725,1492.0870853722745,0.515,20358.0
473,1490.8559778400645,1490.8675920620665,0.661,20988.0
474,1488.2776205556245,1488.2892347776265,0.53,22320.0
475,1487.5807672355054,1487.5923814575074,0.531,22680.0
476,1484.4681557389742,1484.4797699609762,0.533,24288.0
477,1478.4868314079533,1478.4984456299553,0.524,27378.0
478,1586.9034161298316,1586.9150303518336,0.58,504.0
479,1584.719942393459,1584.731556615461,0.681,1632.0
480,1583.0126517591675,1583.0242659811695,0.632,2514.0
481,1582.3622553270566,1582.3738695490586,0.583,2850.0
482,1582.2344988850348,1582.2461131070368,0.736,2916.0
483,1582.025442888999,1582.037057111001,0.647,3024.0
484,1581.8047726709613,1581.8163868929632,0.515,3138.0
485,1581.7583157829533,1581.7699300049553,0.546,3162.0
486,1581.2472900148662,1581.2589042368681,0.506,3426.0
487,1580.9801629088206,1580.9917771308226,0.518,3564.0
488,1580.9685486868186,1580.9801629088206,0.513,3570.0
489,1580.9453202428147,1580.9569344648166,0.501,3582.0
490,1580.9104775768087,1580.9220917988107,0.51,3600.0
491,1580.794335356789,1580.805949578791,0.57,3660.0
492,1580.747878468781,1580.759492690783,0.529,3684.0
493,1580.4575229187315,1580.4691371407334,0.518,3834.0
494,1580.4110660307235,1580.4226802527255,0.52,3858.0
495,1579.1915727205153,1579.2031869425173,0.516,4488.0
496,1579.1799584985133,1579.1915727205153,0.938,4494.0
497,1579.1451158325074,1579.1567300545094,0.801,4512.0
498,1579.1218873885034,1579.1335016105054,0.847,4524.0
499,1579.0522020564915,1579.0638162784935,0.534,4560.0
500,1579.0173593904856,1579.0289736124876,0.51,4578.0
501,1578.80830339445,1578.819917616452,0.502,4686.0
502,1578.796689172448,1578.80830339445,0.662,4692.0
503,1578.6340900644202,1578.6457042864222,0.505,4776.0
504,1578.2972776263628,1578.3088918483647,0.59,4950.0
505,1578.157906962339,1578.169521184341,0.524,5022.0
506,1577.8559371902875,1577.8675514122895,0.626,5178.0
507,1577.7281807482657,1577.7397949702677,0.588,5244.0
508,1577.495896308226,1577.507510530228,0.546,5364.0
509,1577.3449114222003,1577.356525644202,0.52,5442.0
510,1577.2984545341922,1577.3100687561941,0.65,5466.0
511,1576.9964847621407,1577.0080989841426,0.545,5622.0
512,1576.8919567641228,1576.9035709861248,0.577,5676.0
513,1576.775814544103,1576.787428766105,0.532,5736.0
514,1576.717743434093,1576.729357656095,0.529,5766.0
515,1576.6596723240832,1576.6712865460852,0.543,5796.0
516,1576.5435301040634,1576.5551443260654,0.564,5856.0
517,1576.4622305500495,1576.4738447720515,0.571,5898.0
518,1576.3228598860258,1576.3344741080277,0.538,5970.0
519,1576.1021896679881,1576.11380388999,0.514,6084.0
520,1576.0557327799802,1576.0673470019822,0.531,6108.0
521,1576.0208901139742,1576.0325043359762,0.534,6126.0
522,1575.626006565907,1575.6376207879089,0.759,6330.0
523,1575.533092789891,1575.544707011893,0.528,6378.0
524,1575.3821079038653,1575.3937221258673,0.57,6456.0
525,1575.3356510158574,1575.3472652378593,0.561,6480.0
526,1575.0685239098118,1575.0801381318138,0.756,6618.0
527,1575.0452954658078,1575.0569096878098,0.528,6630.0
528,1575.0220670218039,1575.0336812438059,0.537,6642.0
529,1574.7317114717541,1574.743325693756,0.585,6792.0
530,1574.6620261397422,1574.6736403617442,0.524,6828.0
531,1574.2903710356788,1574.3019852576808,0.555,7020.0
532,1574.1161577056491,1574.127771927651,0.522,7110.0
533,1574.0000154856293,1574.0116297076313,0.538,7170.0
534,1573.9884012636273,1574.0000154856293,0.557,7176.0
535,1573.9767870416254,1573.9884012636273,0.511,7182.0
536,1573.53544660555,1573.547060827552,0.779,7410.0
537,1573.5006039395441,1573.5122181615461,0.607,7428.0
538,1573.4889897175422,1573.5006039395441,0.554,7434.0
539,1573.2450910555006,1573.2567052775025,0.518,7560.0
540,1572.7921363974233,1572.8037506194253,0.549,7794.0
541,1572.7572937314173,1572.7689079534193,0.505,7812.0
542,1572.7456795094154,1572.7572937314173,0.763,7818.0
543,1572.176582631318,1572.18819685332,0.507,8112.0
544,1571.8397701932606,1571.8513844152626,0.516,8286.0
545,1571.8049275272547,1571.8165417492567,0.534,8304.0
546,1571.7816990832507,1571.7933133052527,0.672,8316.0
547,1570.968703543112,1570.980317765114,0.528,8736.0
548,1570.9106324331021,1570.9222466551041,0.587,8766.0
549,1570.8061044350843,1570.8177186570863,0.623,8820.0
550,1570.399606665015,1570.411220887017,0.516,9030.0
551,1569.1801133548067,1569.1917275768087,0.516,9660.0
552,1568.7620013627354,1568.7736155847374,0.529,9876.0
553,1568.5877880327057,1568.5994022547077,0.529,9966.0
554,1568.355503592666,1568.367117814668,0.674,10086.0
555,1563.140717913776,1563.152332135778,0.665,12780.0
556,1561.5727979435085,1561.5844121655105,0.633,13590.0
557,1559.9700353072349,1559.9816495292368,0.588,14418.0
558,1559.7029082011893,1559.7145224231913,0.615,14556.0
559,1559.5403090931616,1559.5519233151635,0.632,14640.0
560,1558.0769171209117,1558.0885313429137,0.579,15396.0
561,1557.914318012884,1557.925932234886,0.765,15480.0
562,1557.902703790882,1557.914318012884,0.507,15486.0
563,1557.1942362487612,1557.2058504707632,0.512,15852.0
564,1557.1710078047572,1557.1826220267592,0.67,15864.0
565,1557.1593935827552,1557.1710078047572,0.534,15870.0
566,1557.1361651387513,1557.1477793607532,0.581,15882.0
567,1557.1245509167493,1557.1361651387513,0.594,15888.0
568,1556.7645100346879,1556.7761242566899,0.517,16074.0
569,1556.71805314668,1556.729667368682,0.531,16098.0
570,1556.625139370664,1556.636753592666,0.712,16146.0
571,1556.5902967046582,1556.6019109266601,0.617,16164.0
572,1556.4276975966304,1556.4393118186324,0.837,16248.0
573,1556.2302558225965,1556.2418700445985,0.581,16350.0
574,1556.1605704905846,1556.1721847125866,0.519,16386.0
575,1556.0444282705648,1556.0560424925668,0.581,16446.0
576,1554.6158789643212,1554.6274931863231,0.563,17184.0
577,1554.13969586224,1554.151310084242,0.502,17430.0
578,1552.3162630079287,1552.3278772299307,0.636,18372.0
579,1552.095592789891,1552.107207011893,0.567,18486.0
580,1551.2477545837462,1551.2593688057482,0.618,18924.0
581,1551.2129119177403,1551.2245261397422,0.604,18942.0
582,1550.0398754955402,1550.0514897175422,0.702,19548.0
583,1549.6449919474728,1549.6566061694748,0.503,19752.0
584,1549.3546363974233,1549.3662506194253,0.666,19902.0
585,1548.9249101833498,1548.9365244053517,0.699,20124.0
586,1548.2977421952428,1548.3093564172448,0.607,20448.0
587,1547.6357315411299,1547.6473457631319,0.638,20790.0
588,1546.5788373389494,1546.5904515609514,0.692,21336.0
589,1546.4743093409315,1546.4859235629335,0.753,21390.0
590,1546.3930097869177,1546.4046240089197,0.531,21432.0
591,1546.149111124876,1546.160725346878,0.801,21558.0
592,1545.638085356789,1545.649699578791,0.585,21822.0
593,1545.1967449207136,1545.2083591427156,0.548,22050.0
594,1545.0457600346879,1545.0573742566899,0.788,22128.0
595,1545.034145812686,1545.0457600346879,0.61,22134.0
596,1544.4998916005945,1544.5115058225965,0.592,22410.0
597,1544.4882773785926,1544.4998916005945,0.564,22416.0
598,1544.3721351585727,1544.3837493805747,0.554,22476.0
599,1544.0933938305252,1544.1050080525272,0.525,22620.0
600,1544.0817796085232,1544.0933938305252,0.828,22626.0
601,1542.0260623141723,1542.0376765361743,0.828,23688.0
602,1540.7484978939544,1540.7601121159564,0.684,24348.0
603,1540.434913899901,1540.446528121903,0.549,24510.0
604,1540.3071574578792,1540.3187716798811,0.641,24576.0
605,1540.0168019078296,1540.0284161298316,0.76,24726.0
606,1539.4244765857284,1539.4360908077304,0.58,25032.0
607,1538.37919660555,1538.390810827552,0.541,25572.0
608,1536.6951344152626,1536.7067486372646,0.617,26442.0
609,1536.474464197225,1536.486078419227,0.591,26556.0
610,1535.7195397670962,1535.7311539890982,0.614,26946.0
611,1534.8833157829533,1534.8949300049553,0.772,27378.0
612,1533.292167368682,1533.303781590684,0.533,28200.0
613,1643.2302151728197,1643.2418293948217,0.578,540.0
614,1641.9991076406095,1642.0107218626115,0.619,1176.0
615,1641.069969880451,1641.081584102453,0.642,1656.0
616,1637.121134399777,1637.132748621779,0.516,3696.0
617,1634.6937620013628,1634.7053762233647,0.568,4950.0
618,1633.4974971351585,1633.5091113571605,0.684,5568.0
619,1632.3941460449703,1632.4057602669723,0.652,6138.0
620,1631.406937174802,1631.4185513968039,0.56,6648.0
621,1629.351219880451,1629.362834102453,0.631,7710.0
622,1627.3187310301041,1627.330345252106,0.541,8760.0
623,1626.4012074919474,1626.4128217139494,0.568,9234.0
624,1626.3895932699454,1626.4012074919474,0.722,9240.0
625,1626.3082937159315,1626.3199079379335,0.699,9282.0
626,1626.2269941619177,1626.2386083839197,0.915,9324.0
627,1625.983095499876,1625.994709721878,0.656,9450.0
628,1625.8785675018582,1625.8901817238602,0.503,9504.0
629,1625.8321106138503,1625.8437248358523,0.513,9528.0
630,1625.6695115058226,1625.6811257278246,0.51,9612.0
631,1625.6578972838206,1625.6695115058226,0.679,9618.0
632,1625.6462830618186,1625.6578972838206,0.698,9624.0
633,1625.5185266197968,1625.5301408417988,0.864,9690.0
634,1625.472069731789,1625.483683953791,0.647,9714.0
635,1625.437227065783,1625.448841287785,0.668,9732.0
636,1625.425612843781,1625.437227065783,0.654,9738.0
637,1625.402384399777,1625.413998621779,0.508,9750.0
638,1625.390770177775,1625.402384399777,0.85,9756.0
639,1625.355927511769,1625.367541733771,0.691,9774.0
640,1625.3443132897671,1625.355927511769,0.814,9780.0
641,1625.3094706237612,1625.3210848457632,0.569,9798.0
642,1625.2978564017592,1625.3094706237612,0.638,9804.0
643,1625.2746279577552,1625.2862421797572,0.627,9816.0
644,1625.1468715157334,1625.1584857377354,0.562,9882.0
645,1625.0539577397176,1625.0655719617196,0.721,9930.0
646,1625.0307292957136,1625.0423435177156,0.73,9942.0
647,1625.0075008517097,1625.0191150737116,0.521,9954.0
648,1624.9145870756938,1624.9262012976958,0.598,10002.0
649,1624.8913586316899,1624.9029728536918,0.517,10014.0
650,1624.844901743682,1624.856515965684,0.636,10038.0
651,1624.810059077676,1624.821673299678,0.886,10056.0
652,1624.763602189668,1624.77521641167,0.781,10080.0
653,1624.7287595236621,1624.740373745664,0.757,10098.0
654,1624.6939168576562,1624.7055310796582,0.829,10116.0
655,1624.6474599696483,1624.6590741916502,0.57,10140.0
656,1624.6010030816403,1624.6126173036423,0.893,10164.0
657,1624.5545461936324,1624.5661604156344,0.706,10188.0
658,1624.4848608616205,1624.4964750836225,0.591,10224.0
659,1624.4384039736126,1624.4500181956146,0.58,10248.0
660,1624.3338759755945,1624.3454901975965,0.52,10302.0
661,1624.3106475315906,1624.3222617535926,0.703,10314.0
662,1624.2874190875866,1624.2990333095886,0.542,10326.0
663,1624.2525764215807,1624.2641906435827,0.651,10344.0
664,1624.2409621995787,1624.2525764215807,0.728,10350.0
665,1624.2177337555747,1624.2293479775767,0.814,10362.0
666,1624.2061195335727,1624.2177337555747,0.61,10368.0
667,1624.1596626455648,1624.1712768675668,0.724,10392.0
668,1624.1480484235628,1624.1596626455648,0.582,10398.0
669,1624.1248199795589,1624.1364342015609,0.811,10410.0
670,1624.089977313553,1624.101591535555,0.663,10428.0
671,1623.8809213175173,1623.8925355395193,0.545,10536.0
672,1623.7531648754955,1623.7647790974975,0.583,10602.0
673,1623.6718653214816,1623.6834795434836,0.724,10644.0
674,1623.5789515454658,1623.5905657674678,0.523,10692.0
675,1623.5673373234638,1623.5789515454658,0.706,10698.0
676,1623.5557231014618,1623.5673373234638,0.759,10704.0
677,1623.5441088794598,1623.5557231014618,0.562,10710.0
678,1623.5208804354559,1623.5324946574578,0.782,10722.0
679,1623.48603776945,1623.497651991452,0.615,10740.0
680,1623.439580881442,1623.451195103444,0.552,10764.0
681,1623.381509771432,1623.393123993434,0.591,10794.0
682,1623.3466671054261,1623.3582813274281,0.653,10812.0
683,1623.3118244394202,1623.3234386614222,0.881,10830.0
684,1623.2537533294103,1623.2653675514123,0.897,10860.0
685,1623.1259968873885,1623.1376111093905,0.509,10926.0
686,1623.0911542213826,1623.1027684433845,0.86,10944.0
687,1623.0446973333746,1623.0563115553766,0.755,10968.0
688,1623.0098546673687,1623.0214688893707,0.524,10986.0
689,1622.9633977793608,1622.9750120013628,0.76,11010.0
690,1622.9285551133548,1622.9401693353568,0.628,11028.0
691,1622.893712447349,1622.9053266693509,0.948,11046.0
692,1622.847255559341,1622.858869781343,0.927,11070.0
693,1622.812412893335,1622.824027115337,0.551,11088.0
694,1622.7543417833251,1622.765956005327,0.551,11118.0
695,1622.7311133393212,1622.7427275613231,0.757,11130.0
696,1622.7194991173192,1622.7311133393212,0.59,11136.0
697,1622.7078848953172,1622.7194991173192,0.642,11142.0
698,1622.6730422293112,1622.6846564513132,0.502,11160.0
699,1622.6033568972994,1622.6149711193013,0.525,11196.0
700,1622.5569000092914,1622.5685142312934,0.663,11220.0
701,1622.5452857872895,1622.5569000092914,0.767,11226.0
702,1622.5220573432855,1622.5336715652875,0.619,11238.0
703,1622.5104431212835,1622.5220573432855,0.556,11244.0
704,1622.4291435672696,1622.4407577892716,0.769,11286.0
705,1622.4175293452677,1622.4291435672696,0.861,11292.0
706,1622.3710724572597,1622.3826866792617,0.625,11316.0
707,1622.25493023724,1622.266544459242,0.627,11376.0
708,1622.150402239222,1622.162016461224,0.66,11430.0
709,1622.011031575198,1622.0226457972003,0.665,11502.0
710,1621.8948893551783,1621.9065035771803,0.524,11562.0
711,1621.8600466891723,1621.8716609111743,0.699,11580.0
712,1621.8484324671704,1621.8600466891723,0.563,11586.0
713,1621.7787471351585,1621.7903613571605,0.851,11622.0
714,1621.7671329131565,1621.7787471351585,0.87,11628.0
715,1621.7322902471506,1621.7439044691525,0.565,11646.0
716,1621.7206760251486,1621.7322902471506,0.557,11652.0
717,1621.7090618031466,1621.7206760251486,0.54,11658.0
718,1621.6858333591426,1621.6974475811446,0.779,11670.0
719,1621.6509906931367,1621.6626049151387,0.555,11688.0
720,1621.6161480271307,1621.6277622491327,0.557,11706.0
721,1621.5580769171208,1621.5696911391228,0.508,11736.0
722,1621.523234251115,1621.5348484731169,0.636,11754.0
723,1621.476777363107,1621.488391585109,0.648,11778.0
724,1621.441934697101,1621.453548919103,0.603,11796.0
725,1621.430320475099,1621.441934697101,0.569,11802.0
726,1621.395477809093,1621.407092031095,0.578,11820.0
727,1621.3606351430872,1621.3722493650891,0.514,11838.0
728,1621.3490209210852,1621.3606351430872,0.712,11844.0
729,1621.2793355890733,1621.2909498110753,0.892,11880.0
730,1621.1283507030475,1621.1399649250495,0.618,11958.0
731,1621.0354369270317,1621.0470511490337,0.636,12006.0
732,1621.0005942610258,1621.0122084830277,0.708,12024.0
733,1620.9425231510158,1620.9541373730178,0.536,12054.0
734,1620.9192947070119,1620.9309089290139,0.751,12066.0
735,1620.837995152998,1620.849609375,0.877,12108.0
736,1620.79153826499,1620.803152486992,0.618,12132.0
737,1620.7683098209861,1620.7799240429881,0.584,12144.0
738,1620.7566955989842,1620.7683098209861,0.675,12150.0
739,1620.7102387109762,1620.7218529329782,0.768,12174.0
740,1620.6870102669723,1620.6986244889742,0.582,12186.0
741,1620.5940964909564,1620.6057107129584,0.605,12234.0
742,1619.9785427248514,1619.9901569468534,0.617,12552.0
743,1619.8972431708376,1619.9088573928395,0.731,12594.0
744,1619.8856289488356,1619.8972431708376,0.532,12600.0
745,1619.8507862828296,1619.8624005048316,0.636,12618.0
746,1619.8159436168237,1619.8275578388257,0.625,12636.0
747,1619.8043293948217,1619.8159436168237,0.921,12642.0
748,1619.7694867288158,1619.7811009508177,0.51,12660.0
749,1619.7230298408078,1619.7346440628098,0.519,12684.0
750,1619.7114156188059,1619.7230298408078,0.595,12690.0
751,1619.688187174802,1619.6998013968037,0.638,12702.0
752,1619.5952733987858,1619.6068876207878,0.775,12750.0
753,1619.5836591767838,1619.5952733987858,0.614,12756.0
754,1619.5604307327799,1619.5720449547819,0.957,12768.0
755,1619.513973844772,1619.525588066774,0.711,12792.0
756,1619.455902734762,1619.467516956764,0.637,12822.0
757,1619.432674290758,1619.44428851276,0.907,12834.0
758,1619.421060068756,1619.432674290758,0.569,12840.0
759,1619.3049178487363,1619.3165320707383,0.872,12900.0
760,1619.2933036267343,1619.3049178487363,0.816,12906.0
761,1619.2003898507185,1619.2120040727204,0.563,12954.0
762,1619.1307045187066,1619.1423187407086,0.608,12990.0
763,1619.1190902967046,1619.1307045187066,0.519,12996.0
764,1619.0958618527006,1619.1074760747026,0.511,13008.0
765,1619.0842476306987,1619.0958618527006,0.589,13014.0
766,1619.0377907426907,1619.0494049646927,0.651,13038.0
767,1618.9564911886769,1618.9681054106788,0.566,13080.0
768,1618.9448769666749,1618.9564911886769,0.885,13086.0
769,1618.898420078667,1618.910034300669,0.696,13110.0
770,1618.875191634663,1618.886805856665,0.531,13122.0
771,1618.851963190659,1618.863577412661,0.788,13134.0
772,1618.805506302651,1618.817120524653,0.602,13158.0
773,1618.7822778586471,1618.7938920806491,0.635,13170.0
774,1618.7474351926412,1618.7590494146432,0.825,13188.0
775,1618.7358209706392,1618.7474351926412,0.685,13194.0
776,1618.7242067486372,1618.7358209706392,0.911,13200.0
777,1618.7125925266353,1618.7242067486372,0.563,13206.0
778,1618.6893640826313,1618.7009783046333,0.707,13218.0
779,1618.6545214166254,1618.6661356386273,0.6,13236.0
780,1618.6312929726214,1618.6429071946234,0.523,13248.0
781,1618.6196787506194,1618.6312929726214,0.657,13254.0
782,1618.5499934186075,1618.5616076406095,0.763,13290.0
783,1618.4686938645937,1618.4803080865956,0.659,13332.0
784,1618.1667240925422,1618.1783383145441,0.748,13488.0
785,1618.1551098705402,1618.1667240925422,0.722,13494.0
786,1617.8763685424926,1617.8879827644946,0.589,13638.0
787,1615.8671081361497,1615.8787223581517,0.545,14676.0
788,1615.8438796921457,1615.8554939141477,0.883,14688.0
789,1615.7974228041378,1615.8090370261398,0.588,14712.0
790,1615.7625801381319,1615.7741943601338,0.538,14730.0
791,1614.6127721599355,1614.6243863819375,0.579,15324.0
792,1610.0135402471506,1610.0251544691525,0.603,17700.0
793,1609.2586158170218,1609.2702300390238,0.518,18090.0
794,1606.8893145286174,1606.9009287506194,0.702,19314.0
795,1606.8544718626115,1606.8660860846135,0.743,19332.0
796,1605.7278923284193,1605.7395065504213,0.684,19914.0
797,1605.7162781064173,1605.7278923284193,0.706,19920.0
798,1605.6930496624134,1605.7046638844154,0.621,19932.0
799,1605.6814354404114,1605.6930496624134,0.628,19938.0
800,1605.6698212184092,1605.6814354404114,0.637,19944.0
801,1605.6582069964074,1605.6698212184092,0.648,19950.0
802,1605.6465927744052,1605.6582069964074,0.66,19956.0
803,1605.6349785524035,1605.6465927744052,0.568,19962.0
804,1605.6117501083995,1605.6233643304013,0.575,19974.0
805,1605.6001358863973,1605.6117501083995,0.565,19980.0
806,1605.5885216643953,1605.6001358863973,0.508,19986.0
807,1605.5652932203914,1605.5769074423933,0.543,19998.0
808,1605.5536789983894,1605.5652932203914,0.586,20004.0
809,1605.4375367783696,1605.4491510003716,0.723,20064.0
810,1605.3678514463577,1605.3794656683597,0.504,20100.0
811,1605.3330087803517,1605.3446230023537,0.683,20118.0
812,1605.3097803363478,1605.3213945583498,0.526,20130.0
813,1605.2981661143458,1605.3097803363478,0.586,20136.0
814,1605.2865518923438,1605.2981661143458,0.652,20142.0
815,1605.2633234483399,1605.2749376703418,0.597,20154.0
816,1605.240095004336,1605.2517092263379,0.564,20166.0
817,1605.20525233833,1605.216866560332,0.537,20184.0
818,1605.193638116328,1605.20525233833,0.601,20190.0
819,1605.170409672324,1605.182023894326,0.647,20202.0
820,1605.158795450322,1605.170409672324,0.707,20208.0
821,1605.14718122832,1605.158795450322,0.736,20214.0
822,1605.135567006318,1605.14718122832,0.547,20220.0
823,1605.123952784316,1605.135567006318,0.601,20226.0
824,1605.112338562314,1605.123952784316,0.648,20232.0
825,1605.1007243403121,1605.112338562314,0.553,20238.0
826,1605.0891101183101,1605.1007243403121,0.667,20244.0
827,1605.0658816743062,1605.0774958963082,0.53,20256.0
828,1605.0426532303022,1605.0542674523042,0.524,20268.0
829,1605.0310390083002,1605.0426532303022,0.529,20274.0
830,1604.3341856881814,1604.3457999101834,0.511,20634.0
831,1603.939302140114,1603.950916362116,0.536,20838.0
832,1603.904459474108,1603.91607369611,0.945,20856.0
833,1603.892845252106,1603.904459474108,0.61,20862.0
834,1603.8812310301041,1603.892845252106,0.617,20868.0
835,1603.8696168081021,1603.8812310301041,0.606,20874.0
836,1603.8580025861002,1603.8696168081021,0.949,20880.0
837,1603.8463883640982,1603.8580025861002,0.745,20886.0
838,1603.8347741420962,1603.8463883640982,0.543,20892.0
839,1603.8231599200942,1603.8347741420962,0.862,20898.0
840,1603.8115456980922,1603.8231599200942,0.623,20904.0
841,1603.7999314760903,1603.8115456980922,0.605,20910.0
842,1603.7650888100843,1603.7767030320863,0.559,20928.0
843,1603.7418603660803,1603.7534745880823,0.676,20940.0
844,1603.6954034780724,1603.7070177000744,0.62,20964.0
845,1603.6837892560704,1603.6954034780724,0.543,20970.0
846,1603.5676470360506,1603.5792612580526,0.503,21030.0
847,1603.5560328140486,1603.5676470360506,0.725,21036.0
848,1603.5328043700447,1603.5444185920467,0.591,21048.0
849,1603.5211901480427,1603.5328043700447,0.52,21054.0
850,1603.5095759260407,1603.5211901480427,0.826,21060.0
851,1603.4863474820368,1603.4979617040387,0.533,21072.0
852,1603.4631190380328,1603.4747332600348,0.812,21084.0
853,1603.4515048160308,1603.4631190380328,0.851,21090.0
854,1603.4398905940288,1603.4515048160308,0.809,21096.0
855,1603.4282763720269,1603.4398905940288,0.79,21102.0
856,1603.4166621500249,1603.4282763720269,0.841,21108.0
857,1603.405047928023,1603.4166621500249,0.895,21114.0
858,1603.393433706021,1603.405047928023,0.874,21120.0
859,1603.381819484019,1603.393433706021,0.768,21126.0
860,1603.370205262017,1603.381819484019,0.871,21132.0
861,1603.358591040015,1603.370205262017,0.843,21138.0
862,1603.346976818013,1603.358591040015,0.711,21144.0
863,1603.3353625960108,1603.346976818013,0.745,21150.0
864,1603.323748374009,1603.3353625960108,0.939,21156.0
865,1603.3121341520068,1603.323748374009,0.777,21162.0
866,1603.300519930005,1603.3121341520068,0.76,21168.0
867,1603.2889057080029,1603.300519930005,0.703,21174.0
868,1603.277291486001,1603.2889057080029,0.779,21180.0
869,1603.265677263999,1603.277291486001,0.658,21186.0
870,1603.242448819995,1603.254063041997,0.852,21198.0
871,1603.230834597993,1603.242448819995,0.523,21204.0
872,1603.219220375991,1603.230834597993,0.832,21210.0
873,1603.184377709985,1603.195991931987,0.61,21228.0
874,1603.172763487983,1603.184377709985,0.583,21234.0
875,1602.9869359359514,1602.9985501579533,0.648,21330.0
876,1602.9753217139494,1602.9869359359514,0.816,21336.0
877,1602.9637074919474,1602.9753217139494,0.753,21342.0
878,1602.9520932699454,1602.9637074919474,0.947,21348.0
879,1602.9404790479434,1602.9520932699454,0.7,21354.0
880,1602.9288648259414,1602.9404790479434,0.758,21360.0
881,1602.9172506039395,1602.9288648259414,0.631,21366.0
882,1602.9056363819375,1602.9172506039395,0.801,21372.0
883,1602.8940221599355,1602.9056363819375,0.943,21378.0
884,1602.8824079379335,1602.8940221599355,0.74,21384.0
885,1602.8707937159315,1602.8824079379335,0.629,21390.0
886,1602.8591794939296,1602.8707937159315,0.865,21396.0
887,1602.8475652719276,1602.8591794939296,0.816,21402.0
888,1602.8359510499256,1602.8475652719276,0.744,21408.0
889,1602.8243368279236,1602.8359510499256,0.738,21414.0
890,1602.8127226059216,1602.8243368279236,0.638,21420.0
891,1602.8011083839197,1602.8127226059216,0.731,21426.0
892,1602.7894941619177,1602.8011083839197,0.696,21432.0
893,1602.7778799399157,1602.7894941619177,0.804,21438.0
894,1602.7662657179137,1602.7778799399157,0.706,21444.0
895,1602.7546514959117,1602.7662657179137,0.734,21450.0
896,1602.7430372739097,1602.7546514959117,0.751,21456.0
897,1602.7314230519078,1602.7430372739097,0.658,21462.0
898,1602.7198088299058,1602.7314230519078,0.734,21468.0
899,1602.7081946079038,1602.7198088299058,0.716,21474.0
900,1602.6965803859018,1602.7081946079038,0.746,21480.0
901,1602.6849661638998,1602.6965803859018,0.728,21486.0
902,1602.6733519418979,1602.6849661638998,0.706,21492.0
903,1602.6617377198959,1602.6733519418979,0.735,21498.0
904,1602.650123497894,1602.6617377198959,0.756,21504.0
905,1602.638509275892,1602.650123497894,0.759,21510.0
906,1602.62689505389,1602.638509275892,0.704,21516.0
907,1602.615280831888,1602.62689505389,0.777,21522.0
908,1602.603666609886,1602.615280831888,0.725,21528.0
909,1602.592052387884,1602.603666609886,0.728,21534.0
910,1602.580438165882,1602.592052387884,0.689,21540.0
911,1602.56882394388,1602.580438165882,0.82,21546.0
912,1602.557209721878,1602.56882394388,0.732,21552.0
913,1602.545595499876,1602.557209721878,0.679,21558.0
914,1602.533981277874,1602.545595499876,0.727,21564.0
915,1602.522367055872,1602.533981277874,0.677,21570.0
916,1602.5107528338701,1602.522367055872,0.805,21576.0
917,1602.4991386118681,1602.5107528338701,0.753,21582.0
918,1602.4875243898662,1602.4991386118681,0.687,21588.0
919,1602.4759101678642,1602.4875243898662,0.724,21594.0
920,1602.4642959458622,1602.4759101678642,0.688,21600.0
921,1602.4526817238602,1602.4642959458622,0.708,21606.0
922,1602.4410675018582,1602.4526817238602,0.73,21612.0
923,1602.4294532798563,1602.4410675018582,0.701,21618.0
924,1602.4178390578543,1602.4294532798563,0.809,21624.0
925,1602.4062248358523,1602.4178390578543,0.688,21630.0
926,1602.3946106138503,1602.4062248358523,0.704,21636.0
927,1602.3829963918483,1602.3946106138503,0.742,21642.0
928,1602.3713821698464,1602.3829963918483,0.778,21648.0
929,1602.3597679478444,1602.3713821698464,0.724,21654.0
930,1602.3481537258424,1602.3597679478444,0.758,21660.0
931,1602.3365395038404,1602.3481537258424,0.653,21666.0
932,1602.3249252818384,1602.3365395038404,0.712,21672.0
933,1602.3133110598365,1602.3249252818384,0.711,21678.0
934,1602.3016968378345,1602.3133110598365,0.71,21684.0
935,1602.2900826158325,1602.3016968378345,0.707,21690.0
936,1602.2784683938305,1602.2900826158325,0.675,21696.0
937,1602.2668541718285,1602.2784683938305,0.715,21702.0
938,1602.2552399498265,1602.2668541718285,0.734,21708.0
939,1602.2436257278246,1602.2552399498265,0.675,21714.0
940,1602.2320115058226,1602.2436257278246,0.805,21720.0
941,1602.2203972838206,1602.2320115058226,0.678,21726.0
942,1602.2087830618186,1602.2203972838206,0.822,21732.0
943,1602.1971688398166,1602.2087830618186,0.687,21738.0
944,1602.1855546178147,1602.1971688398166,0.694,21744.0
945,1602.1739403958127,1602.1855546178147,0.667,21750.0
946,1602.1623261738107,1602.1739403958127,0.537,21756.0
947,1602.1507119518087,1602.1623261738107,0.639,21762.0
948,1602.1390977298067,1602.1507119518087,0.539,21768.0
949,1602.1274835078048,1602.1390977298067,0.556,21774.0
950,1602.1158692858028,1602.1274835078048,0.591,21780.0
951,1602.1042550638008,1602.1158692858028,0.636,21786.0
952,1602.0577981757929,1602.0694123977948,0.547,21810.0
953,1602.022955509787,1602.034569731789,0.518,21828.0
954,1601.976498621779,1601.988112843781,0.62,21852.0
955,1601.964884399777,1601.976498621779,0.59,21858.0
956,1601.953270177775,1601.964884399777,0.561,21864.0
957,1601.941655955773,1601.953270177775,0.604,21870.0
958,1601.930041733771,1601.941655955773,0.632,21876.0
959,1601.918427511769,1601.930041733771,0.584,21882.0
960,1601.9068132897671,1601.918427511769,0.558,21888.0
961,1601.8951990677651,1601.9068132897671,0.66,21894.0
962,1601.8835848457632,1601.8951990677651,0.604,21900.0
963,1601.8719706237612,1601.8835848457632,0.862,21906.0
964,1601.8603564017592,1601.8719706237612,0.639,21912.0
965,1601.8487421797572,1601.8603564017592,0.699,21918.0
966,1601.8371279577552,1601.8487421797572,0.651,21924.0
967,1601.8255137357532,1601.8371279577552,0.737,21930.0
968,1601.8138995137513,1601.8255137357532,0.632,21936.0
969,1601.8022852917493,1601.8138995137513,0.647,21942.0
970,1601.7906710697473,1601.8022852917493,0.557,21948.0
971,1601.7790568477453,1601.7906710697473,0.682,21954.0
972,1601.7674426257433,1601.7790568477453,0.55,21960.0
973,1601.7558284037414,1601.7674426257433,0.679,21966.0
974,1601.7442141817394,1601.7558284037414,0.557,21972.0
975,1601.7325999597374,1601.7442141817394,0.529,21978.0
976,1601.7209857377354,1601.7325999597374,0.771,21984.0
977,1601.7093715157334,1601.7209857377354,0.579,21990.0
978,1601.6977572937315,1601.7093715157334,0.565,21996.0
979,1601.6861430717295,1601.6977572937315,0.562,22002.0
980,1601.6745288497275,1601.6861430717295,0.626,22008.0
981,1601.6629146277255,1601.6745288497275,0.592,22014.0
982,1601.6513004057235,1601.6629146277255,0.502,22020.0
983,1601.6396861837216,1601.6513004057235,0.528,22026.0
984,1601.419015965684,1601.430630187686,0.545,22140.0
985,1601.372559077676,1601.384173299678,0.585,22164.0
986,1601.360944855674,1601.372559077676,0.531,22170.0
987,1601.349330633672,1601.360944855674,0.504,22176.0
988,1601.33771641167,1601.349330633672,0.526,22182.0
989,1601.326102189668,1601.33771641167,0.518,22188.0
990,1601.314487967666,1601.326102189668,0.583,22194.0
991,1601.302873745664,1601.314487967666,0.524,22200.0
992,1601.2912595236621,1601.302873745664,0.549,22206.0
993,1601.2564168576562,1601.2680310796582,0.518,22224.0
994,1601.0822035276265,1601.0938177496284,0.595,22314.0
995,1600.7802337555747,1600.7918479775767,0.632,22470.0
996,1600.4550355395193,1600.4666497615212,0.702,22638.0
997,1600.1414515454658,1600.1530657674678,0.546,22800.0
998,1600.1298373234638,1600.1414515454658,0.665,22806.0
999,1600.04853776945,1600.060151991452,0.637,22848.0
1000,1600.002080881442,1600.013695103444,0.598,22872.0
1001,1599.9091671054261,1599.9207813274281,0.558,22920.0
1002,1599.8975528834242,1599.9091671054261,0.643,22926.0
1003,1599.8743244394202,1599.8859386614222,0.528,22938.0
1004,1599.8627102174182,1599.8743244394202,0.796,22944.0
1005,1599.8510959954162,1599.8627102174182,0.639,22950.0
1006,1599.8394817734143,1599.8510959954162,0.519,22956.0
1007,1599.8162533294103,1599.8278675514123,0.622,22968.0
1008,1599.8046391074083,1599.8162533294103,0.522,22974.0
1009,1599.7697964414024,1599.7814106634044,0.64,22992.0
1010,1599.7581822194004,1599.7697964414024,0.58,22998.0
1011,1599.7117253313925,1599.7233395533945,0.708,23022.0
1012,1599.6652684433845,1599.6768826653865,0.512,23046.0
1013,1599.6188115553766,1599.6304257773786,0.516,23070.0
1014,1599.5142835573588,1599.5258977793608,0.52,23124.0
1015,1590.7920028338701,1590.803617055872,0.598,27630.0
1016,1699.33634399777,1699.347958219772,0.56,690.0
1017,1696.4792453852824,1696.4908596072844,0.598,2166.0
1018,1694.6209698649652,1694.6325840869672,0.627,3126.0
1019,1694.5861271989593,1694.5977414209613,0.654,3144.0
1020,1694.5512845329533,1694.5628987549553,0.76,3162.0
1021,1694.4351423129335,1694.4467565349355,0.878,3222.0
1022,1694.3306143149157,1694.3422285369177,0.935,3276.0
1023,1694.3190000929137,1694.3306143149157,0.584,3282.0
1024,1692.7046232346383,1692.7162374566403,0.644,4116.0
1025,1691.0786321543608,1691.0902463763628,0.597,4956.0
1026,1690.6024490522796,1690.6140632742815,0.666,5202.0
1027,1685.5270340374134,1685.5386482594154,0.7,7824.0
1028,1681.5201274467295,1681.5317416687315,0.606,9894.0
1029,1681.5085132247275,1681.5201274467295,0.599,9900.0
1030,1680.8813452366205,1680.8929594586225,0.549,10224.0
1031,1677.791962184093,1677.803576406095,0.566,11820.0
1032,1676.618925761893,1676.630539983895,0.602,12426.0
1033,1673.6456849293854,1673.6572991513874,0.554,13962.0
1034,1668.5934983585232,1668.6051125805252,0.509,16572.0
1035,1665.1440744239346,1665.1556886459366,0.647,18354.0
1036,1662.7283162475223,1662.7399304695243,0.693,19602.0
1037,1660.0918878530724,1660.1035020750744,0.531,20964.0
1038,1659.3137349789395,1659.3253492009414,0.654,21366.0
1039,1656.8515199145193,1656.8631341365212,0.553,22638.0
1040,1656.6192354744796,1656.6308496964816,0.579,22758.0
1041,1754.8385332786174,1754.8501475006194,0.517,1152.0
1042,1754.7223910585976,1754.7340052805996,0.507,1212.0
1043,1750.51804269388,1750.529656915882,0.53,3384.0
1044,1749.368234715684,1749.379848937686,0.639,3978.0
1045,1741.354421534316,1741.366035756318,0.531,8118.0
1046,1740.251070444128,1740.2626846661299,0.65,8688.0
1047,1739.7865015640486,1739.7981157860506,0.549,8928.0
1048,1717.5801090962586,1717.5917233182606,0.674,20400.0
1049,1716.2212451220269,1716.2328593440288,0.523,21102.0
1050,1710.6812612270812,1710.6928754490832,0.583,23964.0
1051,1707.62672084056,1707.638335062562,0.508,25542.0
1052,1703.1552453697968,1703.1668595917988,0.623,27852.0
1053,1701.680239175545,1701.691853397547,0.534,28614.0
1054,1809.8645394573834,1809.8761536793854,0.583,1860.0
1055,1804.4406977824578,1804.4523120044598,0.635,4662.0
1056,1801.0261165138752,1801.0377307358772,0.525,6426.0
1057,1798.2851601214074,1798.2967743434094,0.558,7842.0
1058,1797.9831903493557,1797.9948045713577,0.594,7998.0
1059,1792.2573789023786,1792.2689931243806,0.512,10956.0
1060,1788.5408278617442,1788.5524420837462,0.517,12876.0
1061,1783.9183675049553,1783.9299817269573,0.514,15264.0
1062,1782.6640315287414,1782.6756457507433,0.56,15912.0
1063,1782.24591953667,1782.257533758672,0.615,16128.0
1064,1780.0276031342914,1780.0392173562934,0.541,17274.0
1065,1774.7779747893953,1774.7895890113973,0.683,19986.0
1066,1772.455130388999,1772.466744611001,0.584,21186.0
1067,1772.1996175049553,1772.2112317269573,0.621,21318.0
1068,1769.5631891105054,1769.5748033325074,0.662,22680.0
1069,1769.5283464444994,1769.5399606665014,0.543,22698.0
1070,1766.7990042740337,1766.8106184960357,0.634,24108.0
1071,1762.1300870292368,1762.1417012512388,0.551,26520.0
1072,1760.1672835109018,1760.1788977329038,0.601,27534.0
1073,1867.5153598085976,1867.5269740305996,0.563,1212.0
1074,1865.1809011861992,1865.1925154082012,0.704,2418.0
1075,1858.6420941990832,1858.6537084210852,0.528,5796.0
1076,1852.219429431987,1852.231043653989,0.611,9114.0
1077,1849.3391023754955,1849.3507165974975,0.64,10602.0
1078,1846.3194046549802,1846.3310188769822,0.712,12162.0
1079,1845.1579824547819,1845.1695966767838,0.553,12762.0
1080,1840.4193798779731,1840.4309940999751,0.673,15210.0
1081,1840.1870954379335,1840.1987096599355,0.606,15330.0
1082,1837.5971239314915,1837.6087381534935,0.656,16668.0
1083,1831.7435560424926,1831.7551702644946,0.504,19692.0
1084,1829.1419703140486,1829.1535845360506,0.638,21036.0
1085,1822.4986353289148,1822.5102495509168,0.521,24468.0
1086,1817.5277483120665,1817.5393625340685,0.6,27036.0
1087,1923.4705037475223,1923.4821179695243,0.539,1440.0
1088,1923.133691309465,1923.1453055314669,0.722,1614.0
1089,1922.9478637574332,1922.9594779794352,0.521,1710.0
1090,1922.8549499814173,1922.8665642034193,0.823,1758.0
1091,1922.0767971072844,1922.0884113292864,0.542,2160.0
1092,1922.0535686632804,1922.0651828852824,0.789,2172.0
1093,1921.9025837772547,1921.9141979992567,0.772,2250.0
1094,1921.8793553332507,1921.8909695552527,0.607,2262.0
1095,1921.751598891229,1921.763213113231,0.893,2328.0
1096,1921.658685115213,1921.670299337215,0.523,2376.0
1097,1921.6238424492071,1921.635456671209,0.905,2394.0
1098,1921.5889997832012,1921.6006140052032,0.603,2412.0
1099,1921.4960860071853,1921.5077002291873,0.545,2460.0
1100,1921.4612433411794,1921.4728575631814,0.501,2478.0
1101,1921.4496291191774,1921.4612433411794,0.828,2484.0
1102,1921.4264006751735,1921.4380148971754,0.537,2496.0
1103,1921.3567153431616,1921.3683295651635,0.582,2532.0
1104,1921.3102584551536,1921.3218726771556,0.938,2556.0
1105,1921.2638015671457,1921.2754157891477,0.701,2580.0
1106,1921.2173446791378,1921.2289589011398,0.54,2604.0
1107,1921.0199029051041,1921.031517127106,0.55,2706.0
1108,1920.6482478010407,1920.6598620230427,0.525,2898.0
1109,1915.3057056801288,1915.3173199021307,0.667,5658.0
1110,1912.2860079596135,1912.2976221816155,0.696,7218.0
1111,1911.4962408634788,1911.5078550854807,0.791,7626.0
1112,1909.1037111310704,1909.1153253530724,0.578,8862.0
1113,1901.8564366018336,1901.8680508238356,0.507,12606.0
1114,1901.1247406157086,1901.1363548377105,0.509,12984.0
1115,1900.1375317455402,1900.1491459675422,0.739,13494.0
1116,1895.4570002787414,1895.4686145007433,0.562,15912.0
1117,1893.9355371964816,1893.9471514184836,0.514,16698.0
1118,1890.544184371903,1890.555798593905,0.617,18450.0
1119,1888.0355124194748,1888.0471266414768,0.568,19746.0
1120,1885.3990840250249,1885.4106982470269,0.558,21108.0
1121,1885.190028028989,1885.201642250991,0.678,21216.0
1122,1881.6825329843905,1881.6941472063925,0.719,23028.0
1123,1876.258691309465,1876.2703055314669,0.641,25830.0
1124,1874.5862433411794,1874.5978575631814,0.832,26694.0
1125,1871.613002508672,1871.624616730674,0.653,28230.0
